Accuracy: 0.7669772256728778
F1: 0.7621182691124213
Precision: 0.741745115135625
Recall: 0.8024357114989734
